19 1000 0;
40 25000 512000;
19 6000 6000;
40 25000 512000;
19 5000 8000;
40 25000 400000;
40 50000 160000;
19 150 0;
36 1600 10000;
19 250 0;
3 2500 15000;
19 50 0;
3 7000 1000;
40 5000 50000;
19 250 0;
3 2500 15000;
19 50 0;
3 7000 1000;
26 15000 15000;
26 22000 0;
36 15000 512000;
26 22000 420000;
40 15000 630000;
19 9000 1000000;
26 22000 20000;
19 50000 150000;
19 10000 10000;
43 22000 22000;
19 20000 20000;
43 22000 22000;
43 5000 0;
19 2000 200000;
43 2000 2000;
43 1000 0;
19 20000 20000;
43 10000 10000;
43 5000 0;
44 1000 250;
43 5000 5000;
44 500 0;
43 250 0;
44 100 0;
43 50 0;
37 1000 0;
43 500 0;
44 200 0;
37 500 0;
44 500 0;
43 500 0;
37 7000 0;
19 5000 15000;
37 6000 15000;
37 1000 0;
43 500 0;
44 200 0;
37 500 0;
44 500 0;
43 500 0;
37 7000 0;
44 200 0;
37 500 0;
44 100 0;
43 200 0;
37 3000 0;
19 3000 13000;
37 11000 13000;
36 500 500;
36 22000 22000;
37 30000 512000;
37 1000 1000;
37 10000 0;
19 20000 24000;
26 55000 77000;
7 44000 200000;
7 22000 100000;
7 11000 11000;
7 11000 0;
19 15000 990000;
7 15000 540000;
7 11000 11000;
7 7000 0;
8 1000 0;
7 10000 0;
8 7000 200;
7 200 0;
8 200 0;
7 250 250;
7 5000 0;
47 200 200;
47 1500 1500;
7 200 0;
47 2500 0;
7 250 0;
8 150 150;
8 1500 1500
9 100 0;
47 5000 0;
7 100 0;
49 500 500;
49 5000 0;
40 120000 120000;
40 10000 10000;
19 100000 100000;
